5.000000000000000971e-02
8.000000000000001554e-02
1.000000000000000194e-01
1.800000000000000488e-01
2.200000000000000289e-01
2.600000000000000644e-01
2.800000000000000266e-01
3.100000000000000533e-01
3.400000000000000799e-01
4.800000000000000933e-01
5.100000000000001199e-01
5.300000000000001377e-01
6.400000000000001243e-01
7.000000000000001776e-01
8.000000000000001554e-01
9.100000000000001421e-01
9.800000000000002043e-01
1.090000000000000302e+00
1.200000000000000178e+00
1.230000000000000204e+00
3.050000000000000711e+00
4.350000000000000533e+00
5.580000000000000959e+00
7.510000000000001563e+00
8.770000000000001350e+00
8.880000000000002558e+00
1.014000000000000234e+01
1.059000000000000163e+01
1.201000000000000156e+01
1.311000000000000298e+01
1.318000000000000327e+01
1.467000000000000348e+01
1.481000000000000227e+01
1.608000000000000185e+01
1.642000000000000171e+01
1.711000000000000298e+01
1.904000000000000270e+01
1.957000000000000384e+01
2.155000000000000426e+01
2.186000000000000298e+01
2.283000000000000540e+01
2.504000000000000625e+01
2.531000000000000583e+01
2.731000000000000583e+01
3.021000000000000441e+01
3.061000000000000654e+01
3.315000000000000568e+01
3.924000000000000909e+01
4.550000000000000711e+01
5.257000000000000739e+01
6.634000000000001762e+01
8.549000000000002331e+01
1.117800000000000153e+02
1.197000000000000171e+02
1.332300000000000182e+02
1.395800000000000409e+02
1.661500000000000341e+02
1.686100000000000421e+02
2.807600000000000477e+02
