1.259236723501447850e+05 4.413831544770624227e+00
1.232266160752971336e+05 4.433575602966380202e+00
3.065340546095169339e+04 4.035635594294341821e+00
1.146182899632287881e+05 4.348564813258032125e+00
7.897787873376888456e+04 4.371427696217536685e+00
3.641614716074864555e+04 4.035635594294341821e+00
9.874011537017705268e+04 4.311842006233291613e+00
1.045170706323469640e+05 4.298877029068925104e+00
1.138354472507541795e+05 4.360146685807846367e+00
5.891269837220819318e+04 4.195336437161855336e+00
6.932813126546323474e+04 4.059116690143866890e+00
8.583767670841340441e+04 4.298877029068925104e+00
9.888153672641435696e+04 4.285513067510941632e+00
3.161909088590092506e+04 4.142090925208630203e+00
9.338031739553253283e+04 4.371427696217536685e+00
6.285117600329324341e+04 4.227521120533255683e+00
5.635706345359776606e+04 4.102582383924955778e+00
6.343401871576786652e+04 4.257484343910699742e+00
9.753300858899053128e+04 4.324431133541311922e+00
4.752447327281723847e+04 4.178303097863072857e+00
6.866244584051401762e+04 4.285513067510941632e+00
5.726417023478432384e+04 4.160574330902642615e+00
9.271463197058331571e+04 4.403612379588937031e+00
8.662051942088801297e+04 4.285513067510941632e+00
3.123624817342630922e+04 4.102582383924955778e+00
4.237888886054563045e+04 4.142090925208630203e+00
1.188638743755002652e+05 4.461604326566623868e+00
7.783645737753158028e+04 4.257484343910699742e+00
9.285605332682061999e+04 4.371427696217536685e+00
9.715016587651592272e+04 4.324431133541311922e+00
1.030685424949231383e+05 4.324431133541311922e+00
5.232863632885153493e+04 4.242761087089993666e+00
7.926072144624349312e+04 4.336665589958324851e+00
1.099383909759065282e+05 4.271724783025309335e+00
1.063070201260080939e+05 4.242761087089993666e+00
1.024442784262112255e+05 4.311842006233291613e+00
4.267888886054563045e+04 4.122785770013244644e+00
1.106626550446184410e+05 4.348564813258032125e+00
1.193052957317375694e+05 4.403612379588937031e+00
5.669848480983507761e+04 4.035635594294341821e+00
1.065484414822453982e+05 4.360146685807846367e+00
1.143768686069914838e+05 4.336665589958324851e+00
9.743300858899053128e+04 4.324431133541311922e+00
5.698132752230970073e+04 3.859544335238661805e+00
1.163675323681472219e+04 4.195336437161855336e+00
9.888225099390863761e+03 4.160574330902642615e+00
6.442640687119289396e+03 3.734605598630361900e+00
5.718376618407360183e+03 4.160574330902642615e+00
7.449747468305838083e+03 4.178303097863072857e+00
1.440954544295050982e+04 4.211726853350024058e+00
1.450954544295050982e+04 4.102582383924955778e+00
1.777228714274745289e+04 3.821755774349262058e+00
1.465096679918781956e+04 4.102582383924955778e+00
