0.000000000000000000e+00 4.054523852212473578e+00
1.000000000000000000e+02 4.054508170842105130e+00
2.414213562373095101e+02 4.054507229300406301e+00
3.828427124746190202e+02 4.054494079516910432e+00
4.828427124746190202e+02 4.054135661066040619e+00
6.242640687119285303e+02 4.054135304268901230e+00
7.656854249492380404e+02 4.054122241405945459e+00
9.071067811865475505e+02 4.054119543405619197e+00
1.007106781186547551e+03 4.054116280397792593e+00
1.107106781186547551e+03 4.054115391817330938e+00
1.248528137423857061e+03 4.054104118755774699e+00
1.389949493661166571e+03 4.054102423031773483e+00
1.531370849898476081e+03 4.054101491037064520e+00
1.672792206135785591e+03 4.054101099915303763e+00
1.814213562373095101e+03 4.054098487171234666e+00
1.914213562373095101e+03 4.053200470065336347e+00
2.055634918610404384e+03 4.053200446823952419e+00
2.197056274847714121e+03 4.053202251845469561e+00
2.297056274847714121e+03 4.053202566018283548e+00
2.438477631085023859e+03 4.053202931803760123e+00
2.538477631085023859e+03 4.053214281549217368e+00
2.638477631085023859e+03 4.053214353738264109e+00
2.738477631085023859e+03 4.053214425927790465e+00
2.879898987322333596e+03 4.053215622776581206e+00
2.979898987322333596e+03 4.053217211353150162e+00
3.121320343559643334e+03 4.053218676028632395e+00
3.262741699796953071e+03 4.053227956483481442e+00
3.404163056034262809e+03 4.053232651713773116e+00
3.504163056034262809e+03 4.053237827626005263e+00
3.645584412271572546e+03 4.053239071456262721e+00
3.745584412271572546e+03 4.053273187986764725e+00
3.845584412271572546e+03 4.053273361081034309e+00
3.945584412271572546e+03 4.053273567719160475e+00
4.045584412271572546e+03 4.053356712642190551e+00
4.145584412271572546e+03 4.053356919843650985e+00
4.245584412271572546e+03 4.053357160634498690e+00
4.387005768508882284e+03 4.053358806943162307e+00
4.528427124746192021e+03 4.053372572057559076e+00
4.669848480983501759e+03 4.053374902209302633e+00
4.769848480983501759e+03 4.053375484765187942e+00
4.911269837220811496e+03 4.053383686431289767e+00
5.052691193458121234e+03 4.053435654188648485e+00
5.194112549695430971e+03 4.053444183367426845e+00
5.335533905932740709e+03 4.053447872961791987e+00
5.476955262170050446e+03 4.053451770441014901e+00
5.576955262170050446e+03 4.053452454657302972e+00
5.718376618407360183e+03 4.053453581829699282e+00
5.859797974644669921e+03 4.017356851681463503e+00
6.001219330881979658e+03 4.017358580281493730e+00
6.101219330881979658e+03 4.017359271740041926e+00
6.242640687119289396e+03 4.017359963209182538e+00
6.342640687119289396e+03 4.017374141985711411e+00
6.442640687119289396e+03 4.017374532995961367e+00
6.584062043356599133e+03 4.017734383069193171e+00
6.725483399593908871e+03 4.017736653987672213e+00
6.866904755831218608e+03 4.017743996883787361e+00
6.966904755831218608e+03 4.017754023684071640e+00
7.066904755831218608e+03 4.017754811145136884e+00
7.208326112068528346e+03 4.017757476759689972e+00
7.308326112068528346e+03 4.017758567441323869e+00
7.449747468305838083e+03 4.017761536445822124e+00
7.591168824543147821e+03 4.017766990566497221e+00
7.691168824543147821e+03 4.017768036164674150e+00
7.832590180780457558e+03 4.017903861624120054e+00
7.974011537017767296e+03 4.017931487680922231e+00
8.115432893255077033e+03 4.017935254745901297e+00
8.256854249492385861e+03 4.017936306999017049e+00
8.398275605729695599e+03 4.017938671356549030e+00
8.539696961967005336e+03 4.017949325154495099e+00
8.639696961967005336e+03 4.018163305696397458e+00
8.739696961967005336e+03 4.018163612792942097e+00
8.881118318204315074e+03 4.018164579722820484e+00
9.022539674441624811e+03 4.018171643778965851e+00
9.163961030678934549e+03 4.018172872440693766e+00
9.305382386916244286e+03 4.018174715505642425e+00
9.405382386916244286e+03 4.018176251459429693e+00
9.546803743153554024e+03 4.018178049050625589e+00
9.646803743153554024e+03 4.018179801092764514e+00
9.746803743153554024e+03 4.018180415548084028e+00
9.888225099390863761e+03 4.018199109656877432e+00
1.002964645562817350e+04 4.018276399148346556e+00
1.017106781186548324e+04 4.018341723591215775e+00
1.027106781186548324e+04 4.018342295399524033e+00
1.041248916810279297e+04 4.018342867216899705e+00
1.051248916810279297e+04 4.018345154577086298e+00
1.061248916810279297e+04 4.018345989492283721e+00
1.075391052434010271e+04 4.018347613616827907e+00
1.089533188057741245e+04 4.018351651383724743e+00
1.099533188057741245e+04 4.018437991609298265e+00
1.109533188057741245e+04 4.018438255354237931e+00
1.123675323681472219e+04 4.018440273754875669e+00
1.133675323681472219e+04 4.018459620968688029e+00
1.143675323681472219e+04 4.018459884905837498e+00
1.153675323681472219e+04 4.018460148845096391e+00
1.163675323681472219e+04 4.018462903761549576e+00
1.173675323681472219e+04 4.018463121891053369e+00
1.187817459305203192e+04 4.018470321156145886e+00
1.201959594928934166e+04 4.018471676162708839e+00
1.211959594928934166e+04 4.018474569751149694e+00
1.221959594928934166e+04 4.018474787973790541e+00
1.236101730552665140e+04 4.018519157001212427e+00
1.246101730552665140e+04 4.018519594332824241e+00
1.256101730552665140e+04 4.018520031671531711e+00
1.270243866176396114e+04 4.018521343730231621e+00
1.280243866176396114e+04 4.018521999783532195e+00
1.290243866176396114e+04 4.018522655852801329e+00
1.304386001800127087e+04 4.026041760474597275e+00
1.318528137423858061e+04 4.026046783367419835e+00
1.328528137423858061e+04 4.026047361921246903e+00
1.338528137423858061e+04 4.026047940485976362e+00
1.352670273047589035e+04 4.026050018367588024e+00
1.362670273047589035e+04 4.026050596981846752e+00
1.376812408671320009e+04 4.026051491333853427e+00
1.386812408671320009e+04 4.026071096399698845e+00
1.396812408671320009e+04 4.026071412316139408e+00
1.410954544295050982e+04 4.026072360083213120e+00
1.420954544295050982e+04 4.026238163398984327e+00
1.430954544295050982e+04 4.026238480823311150e+00
1.440954544295050982e+04 4.026238798250617812e+00
1.450954544295050982e+04 4.026239115680904312e+00
1.465096679918781956e+04 4.026239750550416829e+00
1.475096679918781956e+04 4.026240067989642846e+00
1.485096679918781956e+04 4.026252027159030966e+00
1.495096679918781956e+04 4.026252344712434983e+00
1.505096679918781956e+04 4.026268729570544380e+00
1.515096679918781956e+04 4.026269417949734475e+00
1.529238815542512930e+04 4.026271112469713032e+00
1.543380951166243904e+04 4.026340416111849230e+00
1.557523086789974877e+04 4.026342166927718402e+00
1.571665222413705851e+04 4.026367880111386910e+00
1.585807358037436825e+04 4.026368596837492042e+00
1.595807358037436825e+04 4.026369340092593951e+00
1.605807358037436825e+04 4.026372684911295963e+00
1.619949493661167799e+04 4.026373428242285613e+00
1.634091629284898772e+04 4.026375286630130113e+00
1.648233764908629746e+04 4.026378924108906077e+00
1.658233764908629746e+04 4.026379667556528652e+00
1.672375900532360538e+04 4.026381181012407495e+00
1.682375900532360538e+04 4.026389811537653074e+00
1.696518036156091330e+04 4.026428549803688917e+00
1.710660171779822122e+04 4.026432935788775147e+00
1.724802307403552913e+04 4.026449793348328754e+00
1.738944443027283705e+04 4.026452213373305611e+00
1.753086578651014497e+04 4.026454234586390513e+00
1.763086578651014497e+04 4.026460750869562233e+00
1.777228714274745289e+04 4.026496454163427607e+00
1.791370849898476081e+04 4.026521396447282797e+00
1.801370849898476081e+04 4.026524911502212589e+00
1.815512985522206873e+04 4.026528799850710882e+00
1.829655121145937665e+04 4.026530877555418719e+00
1.843797256769668456e+04 4.026532529164297713e+00
1.853797256769668456e+04 4.026538763080699468e+00
1.863797256769668456e+04 4.026539189330124557e+00
1.873797256769668456e+04 4.026540041840709350e+00
1.887939392393399248e+04 4.026679414247396060e+00
1.902081528017130040e+04 4.026690528287409698e+00
1.916223663640860832e+04 4.026693252997310957e+00
1.926223663640860832e+04 4.026746067844158894e+00
1.940365799264591624e+04 4.026759892786347272e+00
1.950365799264591624e+04 4.026761257094752189e+00
1.960365799264591624e+04 4.026763531025182807e+00
1.974507934888322416e+04 4.026766366323039747e+00
1.984507934888322416e+04 4.026767784029988029e+00
1.994507934888322416e+04 4.026769175163921410e+00
2.004507934888322416e+04 4.026821717629078812e+00
2.014507934888322416e+04 4.026822172952690515e+00
2.024507934888322416e+04 4.026827876787368865e+00
2.038650070512053207e+04 4.026866885823868536e+00
2.052792206135783999e+04 4.026878467293718344e+00
2.066934341759514791e+04 4.027003426102676364e+00
2.076934341759514791e+04 4.027003883139247620e+00
2.086934341759514791e+04 4.027004340180003972e+00
2.096934341759514791e+04 4.027004797224947197e+00
2.106934341759514791e+04 4.027005280944229604e+00
2.116934341759514791e+04 4.027005764667912935e+00
2.126934341759514791e+04 4.027006248395996302e+00
2.141076477383245583e+04 4.027008720444218426e+00
2.155218613006976375e+04 4.028641122568141775e+00
2.169360748630707167e+04 4.028648505155898008e+00
2.179360748630707167e+04 4.028650488348054282e+00
2.189360748630707167e+04 4.028650984157478021e+00
2.203502884254437959e+04 4.028654347471285035e+00
2.213502884254437959e+04 4.028898627848578329e+00
2.227645019878168750e+04 4.028903977235727574e+00
2.237645019878168750e+04 4.028986268615719624e+00
2.247645019878168750e+04 4.028986767901682420e+00
2.257645019878168750e+04 4.028987267192249533e+00
2.267645019878168750e+04 4.028987793450879096e+00
2.277645019878168750e+04 4.028988319714328803e+00
2.287645019878168750e+04 4.028988845982597766e+00
2.297645019878168750e+04 4.029005986886613044e+00
2.307645019878168750e+04 4.029006540288089688e+00
2.317645019878168750e+04 4.029007093694602304e+00
2.331787155501899542e+04 4.029170656446811272e+00
2.345929291125630334e+04 4.029175449498495709e+00
2.360071426749361126e+04 4.029180987304609829e+00
2.370071426749361126e+04 4.029249576641130481e+00
2.380071426749361126e+04 4.029250186566962988e+00
2.390071426749361126e+04 4.029250796498283549e+00
2.400071426749361126e+04 4.029251406435090388e+00
2.410071426749361126e+04 4.029252680378403007e+00
2.424213562373091918e+04 4.029256529372148954e+00
2.434213562373091918e+04 4.029481865406847163e+00
2.448355697996822710e+04 4.029487246387407851e+00
2.458355697996822710e+04 4.029489909967066019e+00
2.472497833620553502e+04 4.029496173914093760e+00
2.482497833620553502e+04 4.031746700169236419e+00
2.496639969244284293e+04 4.031747383336814039e+00
2.510782104868015085e+04 4.031752712532584049e+00
2.520782104868015085e+04 4.031815742871372343e+00
2.534924240491745877e+04 4.031817766874490339e+00
2.549066376115476669e+04 4.031839103140466563e+00
2.559066376115476669e+04 4.031841018628706586e+00
2.569066376115476669e+04 4.031852925797242193e+00
2.579066376115476669e+04 4.031853555322063798e+00
2.593208511739207461e+04 4.031954384395810997e+00
2.603208511739207461e+04 4.031955014998961140e+00
2.613208511739207461e+04 4.031956276222522284e+00
2.627350647362938253e+04 4.031964608785166604e+00
2.641492782986669044e+04 4.031984753384572961e+00
2.655634918610399836e+04 4.031993883754829255e+00
2.665634918610399836e+04 4.032001619296270434e+00
2.675634918610399836e+04 4.032004307268275412e+00
2.685634918610399836e+04 4.032081454372350215e+00
2.695634918610399836e+04 4.032082168110523668e+00
2.705634918610399836e+04 4.032082881855080458e+00
2.715634918610399836e+04 4.032083622937178369e+00
2.725634918610399836e+04 4.032084364025857681e+00
2.735634918610399836e+04 4.032085105121118396e+00
2.745634918610399836e+04 4.032089825150219298e+00
2.755634918610399836e+04 4.032091362105664878e+00
2.769777054234130628e+04 4.032459599672857387e+00
2.783919189857861420e+04 4.032462935108991786e+00
2.793919189857861420e+04 4.032474180176839340e+00
2.808061325481592212e+04 4.032489124303552330e+00
2.822203461105323004e+04 4.032499682007632202e+00
2.832203461105323004e+04 4.032505720155186602e+00
2.842203461105323004e+04 4.032546610358516581e+00
2.852203461105323004e+04 4.032547520306150268e+00
2.866345596729053796e+04 4.032943271126436358e+00
2.876345596729053796e+04 4.032946980562596373e+00
2.890487732352784587e+04 4.032953678270119191e+00
2.900487732352784587e+04 4.032955588051885698e+00
2.914629867976515379e+04 4.032968792708430783e+00
2.924629867976515379e+04 4.032972585365337537e+00
2.934629867976515379e+04 4.032990801292604566e+00
2.944629867976515379e+04 4.032992711703615285e+00
2.958772003600246171e+04 4.033003955195814783e+00
2.968772003600246171e+04 4.033007694129117304e+00
2.978772003600246171e+04 4.033199454603948908e+00
2.988772003600246171e+04 4.033204061323437450e+00
2.998772003600246171e+04 4.033205893075552773e+00
3.012914139223976963e+04 4.033208613285220956e+00
3.027056274847707755e+04 4.033212194544279150e+00
3.041198410471438547e+04 4.033263252053569836e+00
3.055340546095169339e+04 4.033275422486575224e+00
3.065340546095169339e+04 4.033277145535289598e+00
3.079482681718900130e+04 4.033292544378553224e+00
3.089482681718900130e+04 4.033295129411110125e+00
3.099482681718900130e+04 4.033432574123086312e+00
3.109482681718900130e+04 4.033433461687629951e+00
3.123624817342630922e+04 4.033441167243678294e+00
3.137766952966361714e+04 4.033447154600024120e+00
3.151909088590092506e+04 4.044960174507094663e+00
3.161909088590092506e+04 4.044963086722728640e+00
3.171909088590092506e+04 4.044993650038533950e+00
3.181909088590092506e+04 4.045000358399357232e+00
3.191909088590092506e+04 4.045002300648154581e+00
3.201909088590092506e+04 4.045008038398729688e+00
3.216051224213823298e+04 4.045085664485686294e+00
3.230193359837554090e+04 4.045090494571871531e+00
3.244335495461284881e+04 4.045093380835458774e+00
3.254335495461284881e+04 4.045117297438797443e+00
3.268477631085015673e+04 4.045123012101235815e+00
3.278477631085015310e+04 4.045491812253469099e+00
3.292619766708746465e+04 4.045497549091194855e+00
3.302619766708746465e+04 4.045501363902004321e+00
3.312619766708746465e+04 4.045503256463001129e+00
3.322619766708746465e+04 4.045506095373529121e+00
3.332619766708746465e+04 4.045518487681694531e+00
3.342619766708746465e+04 4.045567625450383176e+00
3.352619766708746465e+04 4.045602160847026951e+00
3.362619766708746465e+04 4.045604055375460639e+00
3.372619766708746465e+04 4.045606897237255417e+00
3.382619766708746465e+04 4.045612551396746248e+00
3.392619766708746465e+04 4.045625755659376210e+00
3.402619766708746465e+04 4.045633276204842588e+00
3.412619766708746465e+04 4.045641655524294222e+00
3.422619766708746465e+04 4.045645386528830656e+00
3.432619766708746465e+04 4.045686430980514281e+00
3.446761902332477621e+04 4.045690133934630950e+00
3.456761902332477621e+04 4.045692948524069799e+00
3.470904037956208776e+04 4.045720240007904422e+00
3.480904037956208776e+04 4.045724862907113639e+00
3.495046173579939932e+04 4.045735857373021105e+00
3.505046173579939932e+04 4.045738583820399192e+00
3.515046173579939932e+04 4.045742229151656488e+00
3.529188309203671088e+04 4.045749550073911571e+00
3.543330444827402243e+04 4.045803128804725368e+00
3.557472580451133399e+04 4.045812144269189226e+00
3.567472580451133399e+04 4.045814843114138526e+00
3.577472580451133399e+04 4.045820181365958668e+00
3.587472580451133399e+04 4.045835248450130095e+00
3.597472580451133399e+04 4.045846787846289594e+00
3.607472580451133399e+04 4.045852038466475342e+00
3.621614716074864555e+04 4.045858089975379102e+00
3.631614716074864555e+04 4.045862331733329320e+00
3.641614716074864555e+04 4.045900069334417815e+00
3.651614716074864555e+04 4.045905054537429102e+00
3.661614716074864555e+04 4.045907547251370140e+00
3.671614716074864555e+04 4.045912503052482734e+00
3.685756851698595710e+04 4.046033941406367518e+00
3.695756851698595710e+04 4.046061371883536317e+00
3.705756851698595710e+04 4.046063779493063173e+00
3.715756851698595710e+04 4.046066989752600485e+00
3.725756851698595710e+04 4.046070972886939288e+00
3.739898987322326866e+04 4.046079533349351109e+00
3.749898987322326866e+04 4.046083517124245077e+00
3.759898987322326866e+04 4.046091929603104376e+00
3.769898987322326866e+04 4.046095734756568696e+00
3.784041122946058022e+04 4.046101859258814493e+00
3.798183258569789177e+04 4.046105545405026760e+00
3.812325394193520333e+04 4.059825515393992390e+00
3.822325394193520333e+04 4.061417321784049683e+00
3.832325394193520333e+04 4.061418129808604505e+00
3.842325394193520333e+04 4.061418937842065979e+00
3.852325394193520333e+04 4.061420585022684548e+00
3.862325394193520333e+04 4.061430997373624230e+00
3.872325394193520333e+04 4.061431867721666755e+00
3.882325394193520333e+04 4.061432769168086487e+00
3.892325394193520333e+04 4.061434572090156792e+00
3.906467529817251489e+04 4.061460314428180673e+00
3.920609665440982644e+04 4.061492595351780643e+00
3.934751801064713800e+04 4.061676945198050781e+00
3.948893936688444956e+04 4.061725163296919128e+00
3.958893936688444956e+04 4.061750479860786633e+00
3.968893936688444956e+04 4.061829106873774187e+00
3.978893936688444956e+04 4.061831104291674599e+00
3.988893936688444956e+04 4.061922400163245683e+00
4.003036072312176111e+04 4.061925367894838601e+00
4.013036072312176111e+04 4.062002167044521883e+00
4.023036072312176111e+04 4.062003167475391585e+00
4.037178207935907267e+04 4.062028399791876687e+00
4.047178207935907267e+04 4.062030463530773794e+00
4.061320343559638422e+04 4.062064984956995417e+00
4.075462479183369578e+04 4.062188267973897204e+00
4.085462479183369578e+04 4.062230939862991441e+00
4.099604614807100734e+04 4.063317085607495827e+00
4.109604614807100734e+04 4.038665418067175494e+00
4.123746750430831889e+04 4.038666608940813418e+00
4.133746750430831889e+04 4.038667799830157001e+00
4.143746750430831889e+04 4.038668990735206243e+00
4.153746750430831889e+04 4.038670181655962033e+00
4.167888886054563045e+04 4.038672604052156778e+00
4.177888886054563045e+04 4.038673795020245372e+00
4.187888886054563045e+04 4.038675026512023258e+00
4.197888886054563045e+04 4.038676258019928689e+00
4.207888886054563045e+04 4.038677489543961663e+00
4.217888886054563045e+04 4.038678761592723987e+00
4.227888886054563045e+04 4.038680033658026858e+00
4.237888886054563045e+04 4.038681346248876203e+00
4.247888886054563045e+04 4.038683971481410673e+00
4.257888886054563045e+04 4.038718008038807206e+00
4.267888886054563045e+04 4.038720715228047986e+00
4.277888886054563045e+04 4.038723422486695469e+00
4.287888886054563045e+04 4.038734576348542937e+00
4.302031021678294201e+04 4.038737364991442647e+00
4.316173157302025356e+04 4.038749995800403170e+00
4.326173157302025356e+04 4.038867687731080736e+00
4.336173157302025356e+04 4.038892597401527951e+00
4.346173157302025356e+04 4.039541871918004290e+00
4.356173157302025356e+04 4.039546171356400706e+00
4.366173157302025356e+04 4.039549064853085625e+00
4.376173157302025356e+04 4.039578125882278492e+00
4.386173157302025356e+04 4.039579613699998184e+00
4.400315292925756512e+04 4.039585565158407832e+00
4.414457428549487668e+04 4.039624094235495733e+00
4.424457428549487668e+04 4.039639304514927254e+00
4.434457428549487668e+04 4.039643933061385361e+00
4.444457428549487668e+04 4.039650213213061392e+00
4.454457428549487668e+04 4.039653353405905811e+00
4.468599564173218823e+04 4.039684686404941161e+00
4.482741699796949979e+04 4.039775931372135531e+00
4.492741699796949979e+04 4.040165191787821186e+00
4.502741699796949979e+04 4.040166809197189401e+00
4.516883835420681135e+04 4.040170003329627058e+00
4.526883835420681135e+04 4.040171620798774121e+00
4.536883835420681135e+04 4.040173197541298222e+00
4.551025971044412290e+04 4.040203482018890568e+00
4.565168106668143446e+04 4.040244895363231059e+00
4.579310242291874602e+04 4.040321814105995557e+00
4.589310242291874602e+04 4.040342063639773329e+00
4.603452377915605757e+04 4.040347934281316888e+00
4.613452377915605757e+04 4.040350767735947812e+00
4.623452377915605757e+04 4.040378260314757775e+00
4.637594513539336913e+04 4.040396859292550324e+00
4.651736649163068068e+04 4.040411074708266881e+00
4.665878784786799224e+04 4.040535862223559427e+00
4.680020920410530380e+04 4.040540438723210670e+00
4.690020920410530380e+04 4.040544852126471298e+00
4.700020920410530380e+04 4.040546956827262726e+00
4.714163056034261535e+04 4.040552254949998812e+00
4.728305191657992691e+04 4.040745767227816643e+00
4.742447327281723847e+04 4.041057939415877875e+00
4.752447327281723847e+04 4.041060504908272399e+00
4.766589462905455002e+04 4.041067391115579888e+00
4.776589462905455002e+04 4.041073133583027222e+00
4.786589462905455002e+04 4.041074839515444772e+00
4.800731598529186158e+04 4.041084221461829884e+00
4.814873734152917314e+04 4.041250957894267692e+00
4.829015869776648469e+04 4.041272878115248268e+00
4.843158005400379625e+04 4.041300522060383038e+00
4.853158005400379625e+04 4.041342810077380499e+00
4.867300141024110781e+04 4.041364076928340765e+00
4.877300141024110781e+04 4.041366447760665892e+00
4.891442276647841936e+04 4.041391866166843094e+00
4.901442276647841936e+04 4.041393052297760136e+00
4.911442276647841936e+04 4.041394934258776495e+00
4.921442276647841936e+04 4.041424267522165437e+00
4.935584412271573092e+04 4.041445088289221665e+00
4.949726547895304248e+04 4.041485116058068705e+00
4.959726547895304248e+04 4.041487494723423168e+00
4.969726547895304248e+04 4.041497627042290652e+00
4.983868683519035403e+04 4.041513345875238805e+00
4.998010819142766559e+04 4.042042198906430350e+00
5.008010819142766559e+04 4.042067620216925228e+00
5.018010819142766559e+04 4.042069687728616856e+00
5.028010819142766559e+04 4.042074029093808640e+00
5.042152954766497714e+04 4.042083540320688506e+00
5.052152954766497714e+04 4.042089328857954023e+00
5.066295090390228870e+04 4.042115878745510926e+00
5.076295090390228870e+04 4.042118277484431310e+00
5.086295090390228870e+04 4.042129320084199229e+00
5.100437226013960026e+04 4.042141769952401376e+00
5.114579361637691181e+04 4.042392256235742387e+00
5.124579361637691181e+04 4.042406433217946571e+00
5.134579361637691181e+04 4.046688168181690415e+00
5.144579361637691181e+04 4.046689589339153237e+00
5.154579361637691181e+04 4.046691010515768738e+00
5.164579361637691181e+04 4.046692431711537807e+00
5.174579361637691181e+04 4.046693811117025419e+00
5.184579361637691181e+04 4.046696611794040166e+00
5.198721497261422337e+04 4.046704972468504913e+00
5.212863632885153493e+04 4.046755025111612447e+00
5.222863632885153493e+04 4.046762135594749843e+00
5.232863632885153493e+04 4.046770794270062588e+00
5.247005768508884648e+04 4.046824517777736219e+00
5.257005768508884648e+04 4.046971435996852051e+00
5.267005768508884648e+04 4.046974369623972834e+00
5.277005768508884648e+04 4.046975836467015419e+00
5.291147904132615804e+04 4.047011088453541738e+00
5.305290039756346960e+04 4.050519917582990459e+00
5.319432175380078115e+04 4.050549642607486511e+00
5.333574311003809271e+04 4.050596150353914737e+00
5.343574311003809271e+04 4.050600975179730057e+00
5.357716446627540427e+04 4.050602611630795380e+00
5.367716446627540427e+04 4.050607774313538911e+00
5.377716446627540427e+04 4.050623052571002525e+00
5.387716446627540427e+04 4.050663200233260319e+00
5.397716446627540427e+04 4.050711662153273274e+00
5.407716446627540427e+04 4.050713342380272586e+00
5.421858582251271582e+04 4.050737907016887185e+00
5.436000717875002738e+04 4.050947758674552368e+00
5.446000717875002738e+04 4.050983098622211287e+00
5.460142853498733894e+04 4.051187489229116423e+00
5.474284989122465049e+04 4.051309274112417924e+00
5.484284989122465049e+04 4.051328437267334159e+00
5.498427124746196205e+04 4.051341140406790053e+00
5.512569260369927360e+04 4.051421111260974151e+00
5.526711395993658516e+04 4.051632025015117655e+00
5.540853531617389672e+04 4.051655583334299315e+00
5.554995667241120827e+04 4.051678638164969648e+00
5.569137802864851983e+04 4.051693911063341424e+00
5.583279938488583139e+04 4.052172028135212933e+00
5.593279938488583139e+04 4.052184929284078585e+00
5.607422074112314294e+04 4.052189131045811799e+00
5.621564209736045450e+04 4.052246493487554169e+00
5.635706345359776606e+04 4.052276517437208625e+00
5.645706345359776606e+04 4.052426596869783459e+00
5.659848480983507761e+04 4.057048438308985538e+00
5.669848480983507761e+04 4.057082956597543699e+00
5.683990616607238917e+04 4.057098199354912005e+00
5.698132752230970073e+04 4.057136269794840544e+00
5.712274887854701228e+04 4.057164135689462547e+00
5.726417023478432384e+04 4.057216616236375195e+00
5.736417023478432384e+04 4.060345162851090706e+00
5.746417023478432384e+04 4.060360651392600495e+00
5.756417023478432384e+04 4.060362870662920898e+00
5.770559159102163540e+04 4.060415904982370705e+00
5.780559159102163540e+04 4.060487043622791781e+00
5.790559159102163540e+04 4.060493706851218576e+00
5.804701294725894695e+04 4.060498149155735703e+00
5.814701294725894695e+04 4.060561893468305428e+00
5.824701294725894695e+04 4.060604755490631490e+00
5.838843430349625851e+04 4.060645724093806308e+00
5.852985565973357006e+04 4.060681663396423779e+00
5.862985565973357006e+04 4.060704448171968295e+00
5.877127701597088162e+04 4.060729050558763653e+00
5.891269837220819318e+04 4.060879384411997250e+00
5.901269837220819318e+04 4.060886109179637771e+00
5.911269837220819318e+04 4.060890562146696858e+00
5.925411972844550473e+04 4.060965648133476158e+00
5.939554108468281629e+04 4.061020484404983755e+00
5.949554108468281629e+04 4.061057461915148714e+00
5.959554108468281629e+04 4.061091986971971934e+00
5.969554108468281629e+04 4.061142353523652382e+00
5.979554108468281629e+04 4.061249602130844849e+00
5.993696244092012785e+04 4.061295650463709883e+00
6.003696244092012785e+04 4.061301708914111686e+00
6.013696244092012785e+04 4.061344080747363527e+00
6.027838379715743940e+04 4.061390201356758212e+00
6.041980515339475096e+04 4.061428129789613095e+00
6.051980515339475096e+04 4.061463424215489226e+00
6.066122650963206252e+04 4.061514240583788293e+00
6.076122650963206252e+04 4.062006451831480902e+00
6.090264786586937407e+04 4.062031854227371674e+00
6.100264786586937407e+04 4.062037239574041614e+00
6.114406922210668563e+04 4.062083078619908250e+00
6.124406922210668563e+04 4.062088931688636606e+00
6.134406922210668563e+04 4.062095484649770327e+00
6.148549057834399719e+04 4.062104002120465296e+00
6.158549057834399719e+04 4.062108678655936167e+00
6.168549057834399719e+04 4.062135515505797656e+00
6.182691193458130874e+04 4.062137413677923803e+00
6.196833329081862030e+04 4.062139508300150581e+00
6.206833329081862030e+04 4.062434753021645584e+00
6.216833329081862030e+04 4.062435516473255070e+00
6.226833329081862030e+04 4.062435719061983086e+00
6.240975464705593185e+04 4.062457864080399439e+00
6.250975464705593185e+04 4.062463024587295024e+00
6.265117600329324341e+04 4.062497065930310569e+00
6.275117600329324341e+04 4.062503231616251043e+00
6.285117600329324341e+04 4.062505688834197493e+00
6.295117600329324341e+04 4.065318414624454313e+00
6.305117600329324341e+04 4.065322477247730326e+00
6.319259735953055497e+04 4.065332546190005836e+00
6.329259735953055497e+04 4.065336655966244273e+00
6.343401871576786652e+04 4.065366351104620968e+00
6.353401871576786652e+04 4.065369076547592719e+00
6.367544007200517808e+04 4.065391348196977006e+00
6.381686142824248964e+04 4.065452392478611010e+00
6.395828278447980119e+04 4.065465011681383523e+00
6.405828278447980119e+04 4.065477772507565923e+00
6.415828278447980119e+04 4.065670951974930780e+00
6.425828278447980119e+04 4.065684015514451133e+00
6.435828278447980119e+04 4.065692260345304732e+00
6.445828278447980119e+04 4.065694251877175702e+00
6.459970414071711275e+04 4.065769910025940348e+00
6.469970414071711275e+04 4.065775651979127048e+00
6.484112549695442431e+04 4.065785716008408102e+00
6.498254685319173586e+04 4.065793511145431083e+00
6.512396820942904742e+04 4.065804786291489670e+00
6.526538956566635898e+04 4.065821722531332227e+00
6.540681092190367053e+04 4.066057760353997352e+00
6.550681092190367053e+04 4.066060649150154305e+00
6.564823227814097481e+04 4.066075460304240607e+00
6.574823227814097481e+04 4.066082686029954374e+00
6.588965363437827909e+04 4.066103521997250780e+00
6.603107499061558337e+04 4.066127167514687279e+00
6.613107499061558337e+04 4.066514582302788838e+00
6.623107499061558337e+04 4.066515567809362963e+00
6.633107499061558337e+04 4.066517445260679153e+00
6.647249634685288765e+04 4.066522045559152865e+00
6.657249634685288765e+04 4.067609637783760945e+00
6.667249634685288765e+04 4.067613170642411902e+00
6.677249634685288765e+04 4.067614030387693980e+00
6.687249634685288765e+04 4.067624381996127525e+00
6.701391770309019194e+04 4.067641771734154865e+00
6.711391770309019194e+04 4.067644399539728006e+00
6.721391770309019194e+04 4.067651390170084369e+00
6.731391770309019194e+04 4.067656943085461663e+00
6.741391770309019194e+04 4.067711895743820527e+00
6.751391770309019194e+04 4.067716485606224452e+00
6.761391770309019194e+04 4.067722078687513232e+00
6.775533905932749622e+04 4.067726043052769747e+00
6.789676041556480050e+04 4.067750902907255828e+00
6.799676041556480050e+04 4.067753865840114891e+00
6.813818177180210478e+04 4.067832997363781899e+00
6.823818177180210478e+04 4.067835101220065752e+00
6.837960312803940906e+04 4.067848668056752715e+00
6.852102448427671334e+04 4.067857462913553768e+00
6.866244584051401762e+04 4.067865159410904319e+00
6.880386719675132190e+04 4.067876973085780890e+00
6.890386719675132190e+04 4.067879172670116894e+00
6.904528855298862618e+04 4.084031114344603530e+00
6.918670990922593046e+04 4.084051565473996170e+00
6.932813126546323474e+04 4.084093956673859438e+00
6.946955262170053902e+04 4.084122817337360267e+00
6.961097397793784330e+04 4.084141360994094860e+00
6.975239533417514758e+04 4.084731242264771467e+00
6.989381669041245186e+04 4.084770494644306638e+00
7.003523804664975614e+04 4.084798532101336477e+00
7.013523804664975614e+04 4.084812830494706226e+00
7.027665940288706042e+04 4.084823652497018287e+00
7.041808075912436470e+04 4.084857590854351628e+00
7.055950211536166898e+04 4.084910773666448058e+00
7.065950211536166898e+04 4.084920584483519690e+00
7.080092347159897326e+04 4.084942862725958967e+00
7.094234482783627755e+04 4.084957376513851379e+00
7.108376618407358183e+04 4.085239909845292061e+00
7.122518754031088611e+04 4.085308669224371414e+00
7.136660889654819039e+04 4.085329813939151400e+00
7.146660889654819039e+04 4.085377410309948054e+00
7.156660889654819039e+04 4.085379548045073861e+00
7.170803025278549467e+04 4.085390713677444552e+00
7.184945160902279895e+04 4.085411181688616722e+00
7.199087296526010323e+04 4.085439981521627573e+00
7.209087296526010323e+04 4.085604672463593268e+00
7.219087296526010323e+04 4.085742518175702997e+00
7.229087296526010323e+04 4.085744220596293275e+00
7.239087296526010323e+04 4.085745784313719930e+00
7.249087296526010323e+04 4.085747209324419593e+00
7.259087296526010323e+04 4.085748578868948044e+00
7.269087296526010323e+04 4.085749948442471968e+00
7.279087296526010323e+04 4.085752854169461656e+00
7.289087296526010323e+04 4.085760812770923955e+00
7.303229432149740751e+04 4.086401732213106541e+00
7.317371567773471179e+04 4.086464800867225300e+00
7.327371567773471179e+04 4.086468461780112804e+00
7.341513703397201607e+04 4.086548179760921329e+00
7.351513703397201607e+04 4.086556205236714590e+00
7.361513703397201607e+04 4.086566454074897159e+00
7.375655839020932035e+04 4.086736326628331639e+00
7.389797974644662463e+04 4.086755805339095993e+00
7.399797974644662463e+04 4.086768662836791854e+00
7.409797974644662463e+04 4.086775426989985860e+00
7.419797974644662463e+04 4.088441337723280000e+00
7.433940110268392891e+04 4.088500063053822409e+00
7.448082245892123319e+04 4.088559727342960137e+00
7.458082245892123319e+04 4.088569183535684104e+00
7.472224381515853747e+04 4.088633511986691005e+00
7.486366517139584175e+04 4.088673970747813691e+00
7.496366517139584175e+04 4.088678885265400353e+00
7.510508652763314603e+04 4.088711759498223408e+00
7.524650788387045031e+04 4.088774007436206226e+00
7.538792924010775459e+04 4.088968403925542283e+00
7.548792924010775459e+04 4.122992446631247532e+00
7.558792924010775459e+04 4.122995640115014737e+00
7.568792924010775459e+04 4.122998833667715246e+00
7.578792924010775459e+04 4.123002027289349947e+00
7.588792924010775459e+04 4.123005220979921503e+00
7.598792924010775459e+04 4.123008384440485230e+00
7.608792924010775459e+04 4.123011547969556823e+00
7.622935059634505888e+04 4.123232199278100474e+00
7.637077195258236316e+04 4.123322820863747573e+00
7.651219330881966744e+04 4.123409525267993203e+00
7.661219330881966744e+04 4.123544490384603911e+00
7.671219330881966744e+04 4.123547666035173087e+00
7.681219330881966744e+04 4.123550841754666685e+00
7.691219330881966744e+04 4.123553987201835191e+00
7.701219330881966744e+04 4.123557102376018690e+00
7.711219330881966744e+04 4.123563272244690658e+00
7.725361466505697172e+04 4.123609788442681889e+00
7.739503602129427600e+04 4.123645399689617186e+00
7.749503602129427600e+04 4.123654690935794953e+00
7.763645737753158028e+04 4.123681414989876615e+00
7.773645737753158028e+04 4.128288449816105654e+00
7.783645737753158028e+04 4.128291550793131925e+00
7.793645737753158028e+04 4.128294621120950580e+00
7.803645737753158028e+04 4.128297660798846636e+00
7.813645737753158028e+04 4.128318326054089660e+00
7.823645737753158028e+04 4.128321335557910032e+00
7.833645737753158028e+04 4.128324314408644113e+00
7.843645737753158028e+04 4.128333189924453528e+00
7.857787873376888456e+04 4.128367284716730090e+00
7.867787873376888456e+04 4.128401788459903798e+00
7.877787873376888456e+04 4.128430861316618738e+00
7.887787873376888456e+04 4.128448289804729221e+00
7.897787873376888456e+04 4.128456958852261494e+00
7.911930009000618884e+04 4.128479464540366628e+00
7.926072144624349312e+04 4.128551721485261616e+00
7.936072144624349312e+04 4.128560029307427826e+00
7.950214280248079740e+04 4.129604497488967851e+00
7.960214280248079740e+04 4.129708659737340248e+00
7.970214280248079740e+04 4.129719831288961807e+00
7.984356415871810168e+04 4.129734206647857953e+00
7.994356415871810168e+04 4.129748181954186137e+00
8.008498551495540596e+04 4.129762622461652377e+00
8.022640687119271024e+04 4.159521371719516303e+00
8.032640687119271024e+04 4.159570142154607630e+00
8.046782822743001452e+04 4.159577686403448382e+00
8.056782822743001452e+04 4.160101212379886171e+00
8.066782822743001452e+04 4.160104773138342260e+00
8.080924958366731880e+04 4.160129627792167994e+00
8.090924958366731880e+04 4.160136257065178533e+00
8.105067093990462308e+04 4.160145778169898279e+00
8.119209229614192736e+04 4.160213573603984472e+00
8.129209229614192736e+04 4.160219466916684539e+00
8.143351365237923164e+04 4.160249998063950905e+00
8.153351365237923164e+04 4.160303352973399704e+00
8.163351365237923164e+04 4.160329141207713910e+00
8.173351365237923164e+04 4.160332003074577401e+00
8.183351365237923164e+04 4.160346172406724108e+00
8.197493500861653592e+04 4.160870077947284251e+00
8.207493500861653592e+04 4.160875560913772198e+00
8.221635636485384020e+04 4.160892011829862902e+00
8.235777772109114449e+04 4.161150533419990083e+00
8.245777772109114449e+04 4.161291487047739324e+00
8.259919907732844877e+04 4.161329737890178571e+00
8.269919907732844877e+04 4.161345492088489806e+00
8.279919907732844877e+04 4.161370041887513693e+00
8.289919907732844877e+04 4.161400078332448516e+00
8.299919907732844877e+04 4.161436956979096102e+00
8.309919907732844877e+04 4.161439580125257720e+00
8.319919907732844877e+04 4.160568007199363372e+00
8.334062043356575305e+04 4.160596128066885946e+00
8.348204178980305733e+04 4.160618402807236826e+00
8.362346314604036161e+04 4.160664484196023416e+00
8.376488450227766589e+04 4.160671957223071260e+00
8.386488450227766589e+04 4.160681523606822196e+00
8.400630585851497017e+04 4.160694510790181155e+00
8.414772721475227445e+04 4.160711006918379695e+00
8.424772721475227445e+04 4.160746985566589728e+00
8.438914857098957873e+04 4.160749620595490583e+00
8.453056992722688301e+04 4.160765370687944831e+00
8.467199128346418729e+04 4.160781537878965430e+00
8.477199128346418729e+04 4.160791461352434162e+00
8.491341263970149157e+04 4.160874698928755500e+00
8.501341263970149157e+04 4.160878505666187444e+00
8.511341263970149157e+04 4.160880130530004273e+00
8.521341263970149157e+04 4.160893196471691091e+00
8.531341263970149157e+04 4.160894870806923329e+00
8.545483399593879585e+04 4.160885874357035163e+00
8.555483399593879585e+04 4.160902407864892183e+00
8.569625535217610013e+04 4.160902825221207912e+00
8.583767670841340441e+04 4.160903733390038717e+00
8.597909806465070869e+04 4.160904262306426737e+00
8.612051942088801297e+04 4.160908470690072747e+00
8.622051942088801297e+04 4.165850351017939879e+00
8.632051942088801297e+04 4.165866777455258685e+00
8.642051942088801297e+04 4.165867265402780184e+00
8.652051942088801297e+04 4.165867971137235948e+00
8.662051942088801297e+04 4.165869310308264239e+00
8.676194077712531725e+04 4.166141890279573268e+00
8.690336213336262153e+04 4.166142130087389539e+00
8.700336213336262153e+04 4.166248750262146139e+00
8.714478348959992582e+04 4.166239346873260807e+00
8.724478348959992582e+04 4.166233223735880564e+00
8.738620484583723010e+04 4.166221811652061291e+00
8.748620484583723010e+04 4.166216420705765699e+00
8.758620484583723010e+04 4.166215825392898253e+00
8.772762620207453438e+04 4.166217926530001670e+00
8.786904755831183866e+04 4.166224690502867922e+00
8.796904755831183866e+04 4.166227818030851182e+00
8.806904755831183866e+04 4.166233575892368535e+00
8.816904755831183866e+04 4.166374026018994314e+00
8.826904755831183866e+04 4.166374502564021753e+00
8.841046891454914294e+04 4.165882868964644992e+00
8.855189027078644722e+04 4.165783142175912168e+00
8.865189027078644722e+04 4.165783257857421873e+00
8.875189027078644722e+04 4.165778283409401261e+00
8.889331162702375150e+04 4.165707157988300047e+00
8.899331162702375150e+04 4.165703235148281003e+00
8.909331162702375150e+04 4.165662541406442543e+00
8.923473298326105578e+04 4.165645308430200089e+00
8.937615433949836006e+04 4.165012830723073378e+00
8.951757569573566434e+04 4.164986936398311634e+00
8.961757569573566434e+04 4.164951229210354988e+00
8.975899705197296862e+04 4.164925906597449767e+00
8.990041840821027290e+04 4.166764261463864472e+00
9.004183976444757718e+04 4.166745599784551501e+00
9.014183976444757718e+04 4.166740528220044482e+00
9.028326112068488146e+04 4.166722403958926790e+00
9.042468247692218574e+04 4.166511444390279095e+00
9.052468247692218574e+04 4.166506699717720252e+00
9.062468247692218574e+04 4.166502110844214180e+00
9.072468247692218574e+04 4.166377667728802692e+00
9.082468247692218574e+04 4.166375523988774532e+00
9.096610383315949002e+04 4.166342971473421919e+00
9.106610383315949002e+04 4.165748533351780303e+00
9.116610383315949002e+04 4.165741195622403303e+00
9.126610383315949002e+04 4.165733069569483860e+00
9.140752518939679430e+04 4.165716741430609993e+00
9.154894654563409858e+04 4.165706052790116409e+00
9.164894654563409858e+04 4.165657942741487041e+00
9.174894654563409858e+04 4.165590715366983332e+00
9.189036790187140286e+04 4.165567131603304496e+00
9.199036790187140286e+04 4.165507045874647041e+00
9.209036790187140286e+04 4.165500281069314248e+00
9.223178925810870714e+04 4.165408962645489765e+00
9.233178925810870714e+04 4.165393347839385640e+00
9.247321061434601143e+04 4.165356920778632066e+00
9.261463197058331571e+04 4.165327256539708145e+00
9.271463197058331571e+04 4.165317813185065887e+00
9.285605332682061999e+04 4.165155237290488088e+00
9.295605332682061999e+04 4.165139760334330532e+00
9.309747468305792427e+04 4.165126276248049209e+00
9.323889603929522855e+04 4.165088142912814817e+00
9.338031739553253283e+04 4.165063130464042196e+00
9.352173875176983711e+04 4.165023453437973089e+00
9.362173875176983711e+04 4.165016996744159705e+00
9.376316010800714139e+04 4.164923305198631631e+00
9.390458146424444567e+04 4.164534518303129929e+00
9.404600282048174995e+04 4.164111827322864556e+00
9.418742417671905423e+04 4.164068780711215112e+00
9.432884553295635851e+04 4.164022042099537302e+00
9.447026688919366279e+04 4.163991206425793123e+00
9.461168824543096707e+04 4.163970014585344437e+00
9.471168824543096707e+04 4.163938272484227987e+00
9.481168824543096707e+04 4.163935223820492304e+00
9.495310960166827135e+04 4.163921396967359634e+00
9.509453095790557563e+04 4.163912240136959042e+00
9.519453095790557563e+04 4.163894698723910714e+00
9.533595231414287991e+04 4.163889071089333704e+00
9.547737367038018419e+04 4.163849854059271216e+00
9.561879502661748847e+04 4.163833639996670222e+00
9.571879502661748847e+04 4.162702478905526249e+00
9.581879502661748847e+04 4.162700904506563937e+00
9.591879502661748847e+04 4.162691558528732294e+00
9.601879502661748847e+04 4.162690186800156233e+00
9.616021638285479276e+04 4.162684018329004587e+00
9.630163773909209704e+04 4.162761783457333387e+00
9.644305909532940132e+04 4.162757932457762600e+00
9.658448045156670560e+04 4.162951535665410319e+00
9.672590180780400988e+04 4.162945319249734766e+00
9.686732316404131416e+04 4.163061672049234829e+00
9.700874452027861844e+04 4.163068298528585842e+00
9.715016587651592272e+04 4.163065029896197089e+00
9.729158723275322700e+04 4.163061451106811361e+00
9.743300858899053128e+04 4.163060543709476313e+00
9.753300858899053128e+04 4.164009851002333562e+00
9.767442994522783556e+04 4.164011175643811846e+00
9.777442994522783556e+04 4.164011659957346012e+00
9.791585130146513984e+04 4.164010945484295512e+00
9.805727265770244412e+04 4.168854211453696834e+00
9.815727265770244412e+04 4.168856089857463587e+00
9.829869401393974840e+04 4.168542829963756802e+00
9.839869401393974840e+04 4.168544701713704725e+00
9.849869401393974840e+04 4.168547458908806291e+00
9.859869401393974840e+04 4.168550129542211380e+00
9.874011537017705268e+04 4.168553657530520873e+00
9.888153672641435696e+04 4.168558901005817496e+00
9.898153672641435696e+04 4.168564885265531927e+00
9.908153672641435696e+04 4.168566222106830033e+00
9.922295808265166124e+04 4.168580552571677700e+00
9.932295808265166124e+04 4.168582690478823238e+00
9.946437943888896552e+04 4.168597927417080129e+00
9.956437943888896552e+04 4.168626318857374002e+00
9.966437943888896552e+04 4.168630237740893918e+00
9.980580079512626980e+04 4.168631661222505613e+00
9.990580079512626980e+04 4.168632890710539662e+00
1.000472221513635741e+05 4.168632725906390668e+00
1.001886435076008784e+05 4.168627144749183167e+00
1.003300648638381826e+05 4.168633895631358222e+00
1.004300648638381826e+05 4.168655486625032935e+00
1.005714862200754869e+05 4.168651096208428442e+00
1.006714862200754869e+05 4.168655095298612778e+00
1.007714862200754869e+05 4.168655278636553163e+00
1.009129075763127912e+05 4.168656337536837064e+00
1.010129075763127912e+05 4.168656468172749818e+00
1.011543289325500955e+05 4.168683894971207948e+00
1.012957502887873998e+05 4.168416931862786612e+00
1.013957502887873998e+05 4.168378252843134568e+00
1.014957502887873998e+05 4.168379104219854803e+00
1.016371716450247040e+05 4.168389886585126547e+00
1.017785930012620083e+05 4.168795338232501813e+00
1.019200143574993126e+05 4.168810800075235967e+00
1.020614357137366169e+05 4.168817131105155838e+00
1.021614357137366169e+05 4.168932906812953476e+00
1.023028570699739212e+05 4.168937660017111746e+00
1.024442784262112255e+05 4.168941240178440033e+00
1.025856997824485297e+05 4.169066383872765513e+00
1.026856997824485297e+05 4.169070578605804656e+00
1.028271211386858340e+05 4.169078005988869684e+00
1.029685424949231383e+05 4.169144995316877989e+00
1.030685424949231383e+05 4.169168698077088564e+00
1.032099638511604426e+05 4.169179318645527488e+00
1.033099638511604426e+05 4.174387967630928564e+00
1.034513852073977469e+05 4.174400865143182315e+00
1.035513852073977469e+05 4.174404638666705303e+00
1.036928065636350511e+05 4.174415061753871115e+00
1.037928065636350511e+05 4.176570699974580414e+00
1.039342279198723554e+05 4.176549325020164183e+00
1.040756492761096597e+05 4.176552738965585654e+00
1.042170706323469640e+05 4.176557767252281117e+00
1.043170706323469640e+05 4.176571445141881611e+00
1.044170706323469640e+05 4.179266599044116681e+00
1.045170706323469640e+05 4.179282942137976242e+00
1.046170706323469640e+05 4.179306412074799582e+00
1.047170706323469640e+05 4.179320086081462549e+00
1.048584919885842683e+05 4.179330785097242540e+00
1.049999133448215725e+05 4.179458913457023250e+00
1.050999133448215725e+05 4.179469907744381096e+00
1.051999133448215725e+05 4.179492151044035708e+00
1.053413347010588768e+05 4.179523948449113568e+00
1.054413347010588768e+05 4.179547848764810780e+00
1.055413347010588768e+05 4.179586345352340082e+00
1.056413347010588768e+05 4.179610171882588432e+00
1.057827560572961811e+05 4.179650375126943374e+00
1.058827560572961811e+05 4.179672502861413008e+00
1.060241774135334854e+05 4.179841454021369529e+00
1.061655987697707897e+05 4.179877614728389368e+00
1.063070201260080939e+05 4.179925253874340108e+00
1.064484414822453982e+05 4.179948129887758768e+00
1.065484414822453982e+05 4.180031650560636081e+00
1.066484414822453982e+05 4.209880332808781489e+00
1.067484414822453982e+05 4.209889520935883311e+00
1.068484414822453982e+05 4.209916033381285061e+00
1.069484414822453982e+05 4.210271473235042805e+00
1.070484414822453982e+05 4.210310745771546515e+00
1.071898628384827025e+05 4.210411892809529100e+00
1.072898628384827025e+05 4.210431338998986028e+00
1.073898628384827025e+05 4.210460404953378699e+00
1.074898628384827025e+05 4.210571884528023112e+00
1.076312841947200068e+05 4.210751199014001855e+00
1.077312841947200068e+05 4.210843771740482744e+00
1.078312841947200068e+05 4.210939036858675877e+00
1.079727055509573111e+05 4.211006974229082545e+00
1.080727055509573111e+05 4.211021344136816502e+00
1.081727055509573111e+05 4.212428366727729134e+00
1.083141269071946153e+05 4.212569665248617312e+00
1.084555482634319196e+05 4.212641753066953321e+00
1.085555482634319196e+05 4.212674311703594299e+00
1.086969696196692239e+05 4.212781825846270145e+00
1.087969696196692239e+05 4.212821386142558744e+00
1.089383909759065282e+05 4.213036628782313109e+00
1.090383909759065282e+05 4.213061515195133389e+00
1.091383909759065282e+05 4.213081613618039789e+00
1.092383909759065282e+05 4.213586916944989547e+00
1.093383909759065282e+05 4.213865911406893261e+00
1.094383909759065282e+05 4.214064456779033740e+00
1.095383909759065282e+05 4.214069815470516289e+00
1.096383909759065282e+05 4.214090825212321256e+00
1.097383909759065282e+05 4.214151502944791794e+00
1.098383909759065282e+05 4.214361159760073861e+00
1.099383909759065282e+05 4.214429062455792518e+00
1.100798123321438325e+05 4.214505064994799710e+00
1.102212336883811367e+05 4.214688386722688307e+00
1.103212336883811367e+05 4.214717869707013342e+00
1.104212336883811367e+05 4.214840798390778076e+00
1.105626550446184410e+05 4.214908428516692673e+00
1.106626550446184410e+05 4.220505132475476984e+00
1.107626550446184410e+05 4.220509176596396905e+00
1.108626550446184410e+05 4.220516938519251582e+00
1.110040764008557453e+05 4.220589613894849990e+00
1.111040764008557453e+05 4.220600350602810025e+00
1.112040764008557453e+05 4.220642740215032163e+00
1.113040764008557453e+05 4.220695323077160666e+00
1.114454977570930496e+05 4.220721878205030642e+00
1.115454977570930496e+05 4.220750885522241980e+00
1.116869191133303539e+05 4.220785220605092647e+00
1.117869191133303539e+05 4.220798421809043077e+00
1.119283404695676581e+05 4.220810603377780801e+00
1.120283404695676581e+05 4.220814709493235561e+00
1.121283404695676581e+05 4.220803419418493796e+00
1.122697618258049624e+05 4.220824590685395172e+00
1.124111831820422667e+05 4.220825295131692023e+00
1.125111831820422667e+05 4.220839203675407880e+00
1.126111831820422667e+05 4.220833876833437692e+00
1.127111831820422667e+05 4.220834166854914749e+00
1.128526045382795710e+05 4.220826906252807653e+00
1.129526045382795710e+05 4.220828725924579139e+00
1.130526045382795710e+05 4.220927643594770018e+00
1.131526045382795710e+05 4.220950539025790427e+00
1.132526045382795710e+05 4.220959617740438041e+00
1.133526045382795710e+05 4.221026913943274117e+00
1.134526045382795710e+05 4.221029026042939059e+00
1.135526045382795710e+05 4.221083082636447159e+00
1.136940258945168753e+05 4.221101101363310626e+00
1.138354472507541795e+05 4.221118462415433648e+00
1.139354472507541795e+05 4.221219507165168139e+00
1.140354472507541795e+05 4.221236098279782745e+00
1.141354472507541795e+05 4.221245013093655629e+00
1.142354472507541795e+05 4.221256878100627219e+00
1.143768686069914838e+05 4.228624023309110136e+00
1.144768686069914838e+05 4.228640625608250936e+00
1.146182899632287881e+05 4.225180377937650000e+00
1.147182899632287881e+05 4.225205828943561670e+00
1.148597113194660924e+05 4.225210457259467312e+00
1.149597113194660924e+05 4.225212278101195373e+00
1.151011326757033967e+05 4.225322593571394059e+00
1.152011326757033967e+05 4.225379331370018754e+00
1.153011326757033967e+05 4.225380236406061307e+00
1.154011326757033967e+05 4.225366848344659587e+00
1.155425540319407010e+05 4.225354921867849889e+00
1.156425540319407010e+05 4.225257968885951065e+00
1.157839753881780052e+05 4.225255423979365155e+00
1.159253967444153095e+05 4.225255073114466242e+00
1.160253967444153095e+05 4.225156336226322473e+00
1.161668181006526138e+05 4.225146572814980850e+00
1.163082394568899181e+05 4.225115603346346838e+00
1.164496608131272224e+05 4.225112087394415461e+00
1.165496608131272224e+05 4.224300619769923770e+00
1.166496608131272224e+05 4.224291605454997267e+00
1.167496608131272224e+05 4.224261346100469439e+00
1.168910821693645266e+05 4.224159174216024049e+00
1.169910821693645266e+05 4.223767300441863881e+00
1.170910821693645266e+05 4.223755919824511373e+00
1.171910821693645266e+05 4.223703476056559047e+00
1.173325035256018309e+05 4.223558119355679707e+00
1.174739248818391352e+05 4.223522910751030146e+00
1.176153462380764395e+05 4.223217787392589351e+00
1.177153462380764395e+05 4.223144281681864065e+00
1.178567675943137438e+05 4.223134051954777313e+00
1.179567675943137438e+05 4.223117647104372985e+00
1.180981889505510480e+05 4.223117456132380099e+00
1.182396103067883523e+05 4.223129238730992441e+00
1.183396103067883523e+05 4.223129015183058499e+00
1.184810316630256566e+05 4.223119441688671927e+00
1.186224530192629609e+05 4.223135486927411364e+00
1.187638743755002652e+05 4.223364022548052432e+00
1.188638743755002652e+05 4.223405704816990180e+00
1.189638743755002652e+05 4.223406308414375587e+00
1.190638743755002652e+05 4.223407474162360842e+00
1.191638743755002652e+05 4.223434571035729945e+00
1.193052957317375694e+05 4.217481366856866032e+00
1.194467170879748737e+05 4.217483903797969447e+00
1.195881384442121780e+05 4.217493624232015570e+00
1.197295598004494823e+05 4.217490431134699236e+00
1.198295598004494823e+05 4.217446588148114017e+00
1.199709811566867866e+05 4.217448658092211033e+00
1.200709811566867866e+05 4.217493390429432054e+00
1.201709811566867866e+05 4.217494053668904286e+00
1.202709811566867866e+05 4.217497464553804143e+00
1.203709811566867866e+05 4.217498825425483489e+00
1.204709811566867866e+05 4.217500926149837071e+00
1.206124025129240908e+05 4.217532719389383011e+00
1.207124025129240908e+05 4.217533850546312912e+00
1.208538238691613951e+05 4.217542926276052206e+00
1.209952452253986994e+05 4.217546991244342180e+00
1.210952452253986994e+05 4.217118310851271978e+00
1.212366665816360037e+05 4.217118853040859427e+00
1.213780879378733080e+05 4.217116567153296636e+00
1.215195092941106122e+05 4.217108304929621632e+00
1.216195092941106122e+05 4.217106837983260803e+00
1.217195092941106122e+05 4.217089587293012087e+00
1.218609306503479165e+05 4.217086255699578068e+00
1.220023520065852208e+05 4.217102643152585983e+00
1.221023520065852208e+05 4.217100392391438746e+00
1.222437733628225251e+05 4.216373868629742283e+00
1.223437733628225251e+05 4.216308879950833699e+00
1.224437733628225251e+05 4.216294072726747721e+00
1.225437733628225251e+05 4.216286495077961938e+00
1.226437733628225251e+05 4.215747317837472252e+00
1.227437733628225251e+05 4.215635707125530374e+00
1.228437733628225251e+05 4.215625402094079988e+00
1.229437733628225251e+05 4.215370676066527267e+00
1.230851947190598294e+05 4.215367291957218043e+00
1.232266160752971336e+05 4.215353514876950314e+00
1.233680374315344379e+05 4.215302743060283852e+00
1.234680374315344379e+05 4.215290246552235942e+00
1.236094587877717422e+05 4.213329105352704218e+00
1.237094587877717422e+05 4.213317693601421610e+00
1.238508801440090465e+05 4.213289531585884262e+00
1.239508801440090465e+05 4.213282566258328643e+00
1.240508801440090465e+05 4.213263752698615860e+00
1.241923015002463508e+05 4.213233426166647533e+00
1.243337228564836551e+05 4.213190640766971917e+00
1.244751442127209593e+05 4.213167589553983738e+00
1.245751442127209593e+05 4.213142662490644064e+00
1.247165655689582636e+05 4.213103128401485264e+00
1.248165655689582636e+05 4.213096301776443120e+00
1.249579869251955679e+05 4.200825667440610367e+00
1.250579869251955679e+05 4.200810068996164048e+00
1.251579869251955679e+05 4.200750858496220097e+00
1.252994082814328722e+05 4.200747366006113204e+00
1.253994082814328722e+05 4.199350243455507226e+00
1.255408296376701765e+05 4.199338834149914490e+00
1.256822509939074807e+05 4.199334965616298376e+00
1.257822509939074807e+05 4.199313534665164660e+00
1.259236723501447850e+05 4.199319883937139508e+00
1.260650937063820893e+05 4.199323596252119373e+00
1.261650937063820893e+05 4.199417344692004228e+00
1.263065150626193936e+05 4.199395831172236804e+00
1.264065150626193936e+05 4.199358643882818320e+00
1.265479364188566979e+05 4.198701473300280540e+00
1.266479364188566979e+05 4.198751591248540471e+00
1.267479364188566979e+05 4.198734873524333722e+00
1.268479364188566979e+05 4.198680497037050152e+00
1.269479364188566979e+05 4.198699434709673106e+00
1.270893577750940021e+05 4.198759768734489306e+00
1.271893577750940021e+05 4.198780375265638298e+00
1.272893577750940021e+05 4.199004301876993139e+00
1.273893577750940021e+05 4.199166333770454784e+00
1.274893577750940021e+05 4.199316726528508070e+00
1.275893577750940021e+05 4.199379857384759163e+00
1.276893577750940021e+05 4.199494342376661749e+00
1.278307791313313064e+05 4.200223869185867542e+00
1.279307791313313064e+05 4.200310360133777010e+00
1.280722004875686107e+05 4.200389671231257616e+00
1.281722004875686107e+05 4.200424421640234662e+00
1.282722004875686107e+05 4.200583378758679487e+00
1.283722004875686107e+05 4.200656510305595503e+00
1.285136218438059150e+05 4.203460434380005495e+00
1.286550432000432193e+05 4.203524579944328821e+00
1.287550432000432193e+05 4.203528444356983584e+00
1.288550432000432193e+05 4.200562031411402941e+00
1.289964645562805235e+05 4.200512430216646997e+00
1.291378859125178278e+05 4.200487285351742095e+00
1.292793072687551321e+05 4.200803690352000075e+00
1.293793072687551321e+05 4.200802823262351993e+00
1.294793072687551321e+05 4.200821420880229695e+00
1.296207286249924364e+05 4.201381078106303235e+00
1.297621499812297407e+05 4.201407134674107091e+00
1.299035713374670449e+05 4.201433964530124854e+00
1.300035713374670449e+05 4.201595653858192669e+00
1.301035713374670449e+05 4.201640623771861982e+00
1.302035713374670449e+05 4.219118692000016324e+00
1.303035713374670449e+05 4.219127343965697108e+00
1.304035713374670449e+05 4.219144368991837091e+00
1.305449926937043492e+05 4.219178239600573477e+00
1.306449926937043492e+05 4.219435618500092744e+00
1.307449926937043492e+05 4.219478880495735496e+00
1.308449926937043492e+05 4.219496484565595118e+00
1.309449926937043492e+05 4.219514285426668287e+00
1.310449926937043492e+05 4.219541126782734075e+00
1.311449926937043492e+05 4.219636197731547078e+00
1.312864140499416681e+05 4.219771631906687581e+00
1.314278354061789869e+05 4.220262874932664054e+00
1.315278354061789869e+05 4.220290959050793766e+00
1.316278354061789869e+05 4.220310141158027051e+00
1.317692567624163057e+05 4.220618887377289852e+00
1.319106781186536246e+05 4.220984272974053653e+00
1.320106781186536246e+05 4.221028001991529166e+00
1.321520994748909434e+05 4.221185595322098472e+00
1.322935208311282622e+05 4.221770838203465992e+00
1.324349421873655810e+05 4.253453912339091758e+00
1.325349421873655810e+05 4.253643365868487791e+00
1.326349421873655810e+05 4.253754750398665685e+00
1.327349421873655810e+05 4.253841344673430669e+00
1.328349421873655810e+05 4.253938060868693860e+00
1.329349421873655810e+05 4.254038736665943787e+00
1.330349421873655810e+05 4.254139174992824124e+00
1.331349421873655810e+05 4.254224047598814451e+00
1.332349421873655810e+05 4.254318193687802285e+00
1.333349421873655810e+05 4.254471256890676401e+00
1.334763635436028999e+05 4.254932289428339232e+00
1.335763635436028999e+05 4.254985466623128154e+00
1.337177848998402187e+05 4.255336901114171511e+00
1.338177848998402187e+05 4.255382411039800417e+00
1.339177848998402187e+05 4.255558786982112096e+00
1.340592062560775375e+05 4.255750080801109725e+00
1.341592062560775375e+05 4.254124604686009725e+00
1.342592062560775375e+05 4.254001941952424204e+00
1.343592062560775375e+05 4.254129902462140400e+00
1.344592062560775375e+05 4.223382458416296004e+00
1.345592062560775375e+05 4.223365300457837535e+00
1.346592062560775375e+05 4.223408244167527137e+00
1.347592062560775375e+05 4.223580887034272813e+00
1.349006276123148564e+05 4.223568383709341845e+00
1.350006276123148564e+05 4.224044900991358098e+00
1.351420489685521752e+05 4.224076410029261375e+00
1.352834703247894940e+05 4.224370717851715362e+00
1.353834703247894940e+05 4.224579474208856489e+00
1.355248916810268129e+05 4.225902845891596371e+00
1.356248916810268129e+05 4.222520400796905271e+00
1.357248916810268129e+05 4.222621426962563262e+00
1.358248916810268129e+05 4.222658528663465916e+00
1.359248916810268129e+05 4.222988863364584233e+00
1.360248916810268129e+05 4.223574709350883971e+00
1.361663130372641317e+05 4.224872447926494523e+00
1.362663130372641317e+05 4.224744016196972041e+00
1.364077343935014505e+05 4.224994369712602449e+00
1.365077343935014505e+05 4.224844223515757946e+00
1.366077343935014505e+05 4.221612202760772981e+00
1.367077343935014505e+05 4.221979819752710306e+00
1.368077343935014505e+05 4.221458082958070790e+00
1.369077343935014505e+05 4.222965207322055825e+00
1.370077343935014505e+05 4.232798509415681920e+00
1.371077343935014505e+05 4.232767811699902794e+00
1.372491557497387694e+05 4.232813628849088516e+00
1.373905771059760882e+05 4.241379262498486291e+00
1.375319984622134070e+05 4.241080559498337621e+00
1.376734198184507259e+05 4.236815189115376690e+00
1.377734198184507259e+05 4.236385330084512901e+00
1.378734198184507259e+05 4.236396074155742930e+00
1.379734198184507259e+05 4.236616938511855501e+00
1.381148411746880447e+05 4.237328530259881987e+00
1.382562625309253635e+05 4.237592264549938648e+00
1.383562625309253635e+05 4.237731636913049549e+00
1.384976838871626824e+05 4.243226610421219291e+00
1.386391052434000012e+05 4.249216086952949389e+00
1.387805265996373200e+05 4.251682491220591054e+00
1.388805265996373200e+05 4.249215952832682497e+00
1.389805265996373200e+05 4.250509245247726220e+00
1.391219479558746389e+05 4.250673641769077804e+00
1.392219479558746389e+05 4.251582170424732965e+00
1.393219479558746389e+05 4.252006899743688173e+00
1.394633693121119577e+05 4.249038047911817273e+00
1.395633693121119577e+05 4.249819365477840449e+00
1.396633693121119577e+05 4.250162406685607408e+00
1.398047906683492765e+05 4.252172911683899770e+00
1.399047906683492765e+05 4.249890472168418754e+00
1.400462120245865954e+05 4.249257801202983131e+00
1.401876333808239142e+05 4.248336799376193795e+00
